0.000000000000000000e+00
0.000000000000000000e+00
0.000000000000000000e+00
2.216674411046615601e+09
1.510953814991101074e+10
7.132954854418670654e+09
1.273688649480801392e+10
1.202745616461968994e+10
4.748739070472412109e+08
0.000000000000000000e+00
0.000000000000000000e+00
0.000000000000000000e+00
0.000000000000000000e+00
0.000000000000000000e+00
0.000000000000000000e+00
2.275754786729660034e+09
1.140766671259555054e+10
1.008321880531979370e+10
1.391524745936077881e+10
1.111534281240940857e+10
1.313952593483276367e+08
0.000000000000000000e+00
0.000000000000000000e+00
0.000000000000000000e+00
0.000000000000000000e+00
0.000000000000000000e+00
0.000000000000000000e+00
1.930719269786453247e+09
9.363418475717956543e+09
1.582658710204827881e+10
1.778976378120498657e+10
8.580852025873931885e+09
2.649478354958190918e+08
0.000000000000000000e+00
0.000000000000000000e+00
0.000000000000000000e+00
